----------swap 33 and 25 from portion [33, 67, 8, 13, 54, 119, 3, 84, 25, 41]----------
[33, 25, 8, 13, 54, 119, 3, 84, 67, 41]
----------swap 33 and 3 from portion [33, 25, 8, 13, 54, 119, 3, 84, 67, 41]----------
[33, 25, 8, 13, 3, 119, 54, 84, 67, 41]
----------swap 33 and 3 from portion [33, 25, 8, 13, 3, 119, 54, 84, 67, 41]----------
[3, 25, 8, 13, 33, 119, 54, 84, 67, 41]
----------swap 25 and 13 from portion [25, 8, 13]----------
[3, 13, 8, 25, 33, 119, 54, 84, 67, 41]
----------swap 13 and 8 from portion [13, 8]----------
[3, 8, 13, 25, 33, 119, 54, 84, 67, 41]
----------swap 119 and 41 from portion [119, 54, 84, 67, 41]----------
[3, 8, 13, 25, 33, 41, 54, 84, 67, 119]
----------swap 84 and 67 from portion [84, 67]----------
[3, 8, 13, 25, 33, 41, 54, 67, 84, 119]
[3, 8, 13, 25, 33, 41, 54, 67, 84, 119]